Run: 5: Generation 1
Solution: N/A: Size: N/A: Plausibility: N/A: Novelty: N/A: Min Abs Distance: N/A: Avg Frequency: N/A: Closest Item: N/A: Intersections: N/A 
Run: 5: Generation 2
Solution: N/A: Size: N/A: Plausibility: N/A: Novelty: N/A: Min Abs Distance: N/A: Avg Frequency: N/A: Closest Item: N/A: Intersections: N/A 
Run: 5: Generation 3
Solution: [61, 6, 7, 8, 67]: Size: 5: Type: : Plausibility: -2.494574528840663: Novelty: 0.7142857142857143: Min Abs Distance: 0.5714285714285714: Avg Frequency: 0.16223306894447836: Closest Item: [1, 6, 26, 61, 67]: Intersections: 3
Run: 5: Generation 4
Solution: [7, 61, 6, 8, 67]: Size: 5: Type: : Plausibility: -2.494574528840663: Novelty: 0.7142857142857143: Min Abs Distance: 0.5714285714285714: Avg Frequency: 0.16223306894447836: Closest Item: [1, 6, 26, 61, 67]: Intersections: 3
Run: 5: Generation 5
Solution: N/A: Size: N/A: Plausibility: N/A: Novelty: N/A: Min Abs Distance: N/A: Avg Frequency: N/A: Closest Item: N/A: Intersections: N/A 
Run: 5: Generation 6
Solution: N/A: Size: N/A: Plausibility: N/A: Novelty: N/A: Min Abs Distance: N/A: Avg Frequency: N/A: Closest Item: N/A: Intersections: N/A 
Run: 5: Generation 7
Solution: N/A: Size: N/A: Plausibility: N/A: Novelty: N/A: Min Abs Distance: N/A: Avg Frequency: N/A: Closest Item: N/A: Intersections: N/A 
Run: 5: Generation 8
Solution: N/A: Size: N/A: Plausibility: N/A: Novelty: N/A: Min Abs Distance: N/A: Avg Frequency: N/A: Closest Item: N/A: Intersections: N/A 
Run: 5: Generation 9
Solution: N/A: Size: N/A: Plausibility: N/A: Novelty: N/A: Min Abs Distance: N/A: Avg Frequency: N/A: Closest Item: N/A: Intersections: N/A 
Run: 5: Generation 10
Solution: N/A: Size: N/A: Plausibility: N/A: Novelty: N/A: Min Abs Distance: N/A: Avg Frequency: N/A: Closest Item: N/A: Intersections: N/A 
Run: 5: Generation 11
Solution: N/A: Size: N/A: Plausibility: N/A: Novelty: N/A: Min Abs Distance: N/A: Avg Frequency: N/A: Closest Item: N/A: Intersections: N/A 
Run: 5: Generation 12
Solution: [7, 61, 6, 8, 67]: Size: 5: Type: : Plausibility: -2.494574528840663: Novelty: 0.7142857142857143: Min Abs Distance: 0.5714285714285714: Avg Frequency: 0.16223306894447836: Closest Item: [1, 6, 26, 61, 67]: Intersections: 3
Run: 5: Generation 13
Solution: N/A: Size: N/A: Plausibility: N/A: Novelty: N/A: Min Abs Distance: N/A: Avg Frequency: N/A: Closest Item: N/A: Intersections: N/A 
Run: 5: Generation 14
Solution: N/A: Size: N/A: Plausibility: N/A: Novelty: N/A: Min Abs Distance: N/A: Avg Frequency: N/A: Closest Item: N/A: Intersections: N/A 
Run: 5: Generation 15
Solution: N/A: Size: N/A: Plausibility: N/A: Novelty: N/A: Min Abs Distance: N/A: Avg Frequency: N/A: Closest Item: N/A: Intersections: N/A 
Run: 5: Generation 16
Solution: N/A: Size: N/A: Plausibility: N/A: Novelty: N/A: Min Abs Distance: N/A: Avg Frequency: N/A: Closest Item: N/A: Intersections: N/A 
Run: 5: Generation 17
Solution: N/A: Size: N/A: Plausibility: N/A: Novelty: N/A: Min Abs Distance: N/A: Avg Frequency: N/A: Closest Item: N/A: Intersections: N/A 
Run: 5: Generation 18
Solution: [61, 6, 8, 7, 67]: Size: 5: Type: : Plausibility: -2.494574528840663: Novelty: 0.7142857142857143: Min Abs Distance: 0.5714285714285714: Avg Frequency: 0.16223306894447836: Closest Item: [1, 6, 26, 61, 67]: Intersections: 3
Run: 5: Generation 19
Solution: N/A: Size: N/A: Plausibility: N/A: Novelty: N/A: Min Abs Distance: N/A: Avg Frequency: N/A: Closest Item: N/A: Intersections: N/A 
Run: 5: Generation 20
Solution: [61, 6, 7, 8, 67]: Size: 5: Type: : Plausibility: -2.494574528840663: Novelty: 0.7142857142857143: Min Abs Distance: 0.5714285714285714: Avg Frequency: 0.16223306894447836: Closest Item: [1, 6, 26, 61, 67]: Intersections: 3
Run: 5: Generation 21
Solution: N/A: Size: N/A: Plausibility: N/A: Novelty: N/A: Min Abs Distance: N/A: Avg Frequency: N/A: Closest Item: N/A: Intersections: N/A 
Run: 5: Generation 22
Solution: [61, 8, 7, 6, 67]: Size: 5: Type: : Plausibility: -2.494574528840663: Novelty: 0.7142857142857143: Min Abs Distance: 0.5714285714285714: Avg Frequency: 0.16223306894447836: Closest Item: [1, 6, 26, 61, 67]: Intersections: 3
Run: 5: Generation 23
Solution: N/A: Size: N/A: Plausibility: N/A: Novelty: N/A: Min Abs Distance: N/A: Avg Frequency: N/A: Closest Item: N/A: Intersections: N/A 
Run: 5: Generation 24
Solution: N/A: Size: N/A: Plausibility: N/A: Novelty: N/A: Min Abs Distance: N/A: Avg Frequency: N/A: Closest Item: N/A: Intersections: N/A 
Run: 5: Generation 25
Solution: [6, 61, 8, 7, 67]: Size: 5: Type: : Plausibility: -2.494574528840663: Novelty: 0.7142857142857143: Min Abs Distance: 0.5714285714285714: Avg Frequency: 0.16223306894447836: Closest Item: [1, 6, 26, 61, 67]: Intersections: 3
Run: 5: Generation 26
Solution: N/A: Size: N/A: Plausibility: N/A: Novelty: N/A: Min Abs Distance: N/A: Avg Frequency: N/A: Closest Item: N/A: Intersections: N/A 
Run: 5: Generation 27
Solution: N/A: Size: N/A: Plausibility: N/A: Novelty: N/A: Min Abs Distance: N/A: Avg Frequency: N/A: Closest Item: N/A: Intersections: N/A 
Run: 5: Generation 28
Solution: [8, 61, 6, 7, 67]: Size: 5: Type: : Plausibility: -2.494574528840663: Novelty: 0.7142857142857143: Min Abs Distance: 0.5714285714285714: Avg Frequency: 0.16223306894447834: Closest Item: [1, 6, 26, 61, 67]: Intersections: 3
Run: 5: Generation 29
Solution: N/A: Size: N/A: Plausibility: N/A: Novelty: N/A: Min Abs Distance: N/A: Avg Frequency: N/A: Closest Item: N/A: Intersections: N/A 
Run: 5: Generation 30
Solution: N/A: Size: N/A: Plausibility: N/A: Novelty: N/A: Min Abs Distance: N/A: Avg Frequency: N/A: Closest Item: N/A: Intersections: N/A 
Run: 5: Generation 31
Solution: N/A: Size: N/A: Plausibility: N/A: Novelty: N/A: Min Abs Distance: N/A: Avg Frequency: N/A: Closest Item: N/A: Intersections: N/A 
Run: 5: Generation 32
Solution: N/A: Size: N/A: Plausibility: N/A: Novelty: N/A: Min Abs Distance: N/A: Avg Frequency: N/A: Closest Item: N/A: Intersections: N/A 
Run: 5: Generation 33
Solution: [7, 61, 6, 68]: Size: 4: Type: : Plausibility: -0.6236436322101656: Novelty: 0.7142857142857143: Min Abs Distance: 0.6: Avg Frequency: 0.1725137278828554: Closest Item: [6, 61, 66]: Intersections: 2
Solution: [8, 61, 7, 6, 67]: Size: 5: Type: : Plausibility: -2.494574528840663: Novelty: 0.7142857142857143: Min Abs Distance: 0.5714285714285714: Avg Frequency: 0.16223306894447836: Closest Item: [1, 6, 26, 61, 67]: Intersections: 3
Run: 5: Generation 34
Solution: N/A: Size: N/A: Plausibility: N/A: Novelty: N/A: Min Abs Distance: N/A: Avg Frequency: N/A: Closest Item: N/A: Intersections: N/A 
Run: 5: Generation 35
Solution: N/A: Size: N/A: Plausibility: N/A: Novelty: N/A: Min Abs Distance: N/A: Avg Frequency: N/A: Closest Item: N/A: Intersections: N/A 
Run: 5: Generation 36
Solution: N/A: Size: N/A: Plausibility: N/A: Novelty: N/A: Min Abs Distance: N/A: Avg Frequency: N/A: Closest Item: N/A: Intersections: N/A 
Run: 5: Generation 37
Solution: N/A: Size: N/A: Plausibility: N/A: Novelty: N/A: Min Abs Distance: N/A: Avg Frequency: N/A: Closest Item: N/A: Intersections: N/A 
Run: 5: Generation 38
Solution: N/A: Size: N/A: Plausibility: N/A: Novelty: N/A: Min Abs Distance: N/A: Avg Frequency: N/A: Closest Item: N/A: Intersections: N/A 
Run: 5: Generation 39
Solution: [61, 6, 7, 8, 67]: Size: 5: Type: : Plausibility: -2.494574528840663: Novelty: 0.7142857142857143: Min Abs Distance: 0.5714285714285714: Avg Frequency: 0.16223306894447836: Closest Item: [1, 6, 26, 61, 67]: Intersections: 3
Run: 5: Generation 40
Solution: [61, 6, 7, 8, 67]: Size: 5: Type: : Plausibility: -2.494574528840663: Novelty: 0.7142857142857143: Min Abs Distance: 0.5714285714285714: Avg Frequency: 0.16223306894447836: Closest Item: [1, 6, 26, 61, 67]: Intersections: 3
Run: 5: Generation 41
Solution: [61, 7, 6, 8, 67]: Size: 5: Type: : Plausibility: -2.494574528840663: Novelty: 0.7142857142857143: Min Abs Distance: 0.5714285714285714: Avg Frequency: 0.16223306894447836: Closest Item: [1, 6, 26, 61, 67]: Intersections: 3
Run: 5: Generation 42
Solution: [6, 7, 61, 8, 67]: Size: 5: Type: : Plausibility: -2.494574528840663: Novelty: 0.7142857142857143: Min Abs Distance: 0.5714285714285714: Avg Frequency: 0.16223306894447836: Closest Item: [1, 6, 26, 61, 67]: Intersections: 3
Solution: [61, 8, 6, 7, 67]: Size: 5: Type: : Plausibility: -2.494574528840663: Novelty: 0.7142857142857143: Min Abs Distance: 0.5714285714285714: Avg Frequency: 0.16223306894447834: Closest Item: [1, 6, 26, 61, 67]: Intersections: 3
Run: 5: Generation 43
Solution: N/A: Size: N/A: Plausibility: N/A: Novelty: N/A: Min Abs Distance: N/A: Avg Frequency: N/A: Closest Item: N/A: Intersections: N/A 
Run: 5: Generation 44
Solution: N/A: Size: N/A: Plausibility: N/A: Novelty: N/A: Min Abs Distance: N/A: Avg Frequency: N/A: Closest Item: N/A: Intersections: N/A 
Run: 5: Generation 45
Solution: N/A: Size: N/A: Plausibility: N/A: Novelty: N/A: Min Abs Distance: N/A: Avg Frequency: N/A: Closest Item: N/A: Intersections: N/A 
Run: 5: Generation 46
Solution: N/A: Size: N/A: Plausibility: N/A: Novelty: N/A: Min Abs Distance: N/A: Avg Frequency: N/A: Closest Item: N/A: Intersections: N/A 
Run: 5: Generation 47
Solution: N/A: Size: N/A: Plausibility: N/A: Novelty: N/A: Min Abs Distance: N/A: Avg Frequency: N/A: Closest Item: N/A: Intersections: N/A 
Run: 5: Generation 48
Solution: N/A: Size: N/A: Plausibility: N/A: Novelty: N/A: Min Abs Distance: N/A: Avg Frequency: N/A: Closest Item: N/A: Intersections: N/A 
Run: 5: Generation 49
Solution: N/A: Size: N/A: Plausibility: N/A: Novelty: N/A: Min Abs Distance: N/A: Avg Frequency: N/A: Closest Item: N/A: Intersections: N/A 
Run: 5: Generation 50
Solution: N/A: Size: N/A: Plausibility: N/A: Novelty: N/A: Min Abs Distance: N/A: Avg Frequency: N/A: Closest Item: N/A: Intersections: N/A 
Run: 5: Generation 51
Solution: N/A: Size: N/A: Plausibility: N/A: Novelty: N/A: Min Abs Distance: N/A: Avg Frequency: N/A: Closest Item: N/A: Intersections: N/A 
Run: 5: Generation 52
Solution: [6, 3, 61, 7, 8, 68]: Size: 6: Type: : Plausibility: -0.962087912087912: Novelty: 0.75: Min Abs Distance: 0.625: Avg Frequency: 0.2032743542810657: Closest Item: [3, 8, 27, 61, 66]: Intersections: 3
Run: 5: Generation 53
Solution: N/A: Size: N/A: Plausibility: N/A: Novelty: N/A: Min Abs Distance: N/A: Avg Frequency: N/A: Closest Item: N/A: Intersections: N/A 
Run: 5: Generation 54
Solution: N/A: Size: N/A: Plausibility: N/A: Novelty: N/A: Min Abs Distance: N/A: Avg Frequency: N/A: Closest Item: N/A: Intersections: N/A 
Run: 5: Generation 55
Solution: [61, 6, 7, 68]: Size: 4: Type: : Plausibility: -0.6236436322101656: Novelty: 0.7142857142857143: Min Abs Distance: 0.6: Avg Frequency: 0.1725137278828554: Closest Item: [6, 61, 66]: Intersections: 2
Run: 5: Generation 56
Solution: [6, 61, 2, 7, 3, 8, 68]: Size: 7: Type: : Plausibility: -0.8017399267399267: Novelty: 0.7272727272727273: Min Abs Distance: 0.6666666666666667: Avg Frequency: 0.1991196722740347: Closest Item: [3, 8, 27, 61, 66]: Intersections: 3
Run: 5: Generation 57
Solution: N/A: Size: N/A: Plausibility: N/A: Novelty: N/A: Min Abs Distance: N/A: Avg Frequency: N/A: Closest Item: N/A: Intersections: N/A 
Run: 5: Generation 58
Solution: [6, 61, 7, 8, 67]: Size: 5: Type: : Plausibility: -2.494574528840663: Novelty: 0.7142857142857143: Min Abs Distance: 0.5714285714285714: Avg Frequency: 0.16223306894447836: Closest Item: [1, 6, 26, 61, 67]: Intersections: 3
Run: 5: Generation 59
Solution: [8, 61, 6, 7, 67]: Size: 5: Type: : Plausibility: -2.494574528840663: Novelty: 0.7142857142857143: Min Abs Distance: 0.5714285714285714: Avg Frequency: 0.16223306894447834: Closest Item: [1, 6, 26, 61, 67]: Intersections: 3
Run: 5: Generation 60
Solution: N/A: Size: N/A: Plausibility: N/A: Novelty: N/A: Min Abs Distance: N/A: Avg Frequency: N/A: Closest Item: N/A: Intersections: N/A 
Run: 5: Generation 61
Solution: N/A: Size: N/A: Plausibility: N/A: Novelty: N/A: Min Abs Distance: N/A: Avg Frequency: N/A: Closest Item: N/A: Intersections: N/A 
Run: 5: Generation 62
Solution: N/A: Size: N/A: Plausibility: N/A: Novelty: N/A: Min Abs Distance: N/A: Avg Frequency: N/A: Closest Item: N/A: Intersections: N/A 
Run: 5: Generation 63
Solution: [6, 61, 7, 8, 67]: Size: 5: Type: : Plausibility: -2.494574528840663: Novelty: 0.7142857142857143: Min Abs Distance: 0.5714285714285714: Avg Frequency: 0.16223306894447836: Closest Item: [1, 6, 26, 61, 67]: Intersections: 3
Run: 5: Generation 64
Solution: N/A: Size: N/A: Plausibility: N/A: Novelty: N/A: Min Abs Distance: N/A: Avg Frequency: N/A: Closest Item: N/A: Intersections: N/A 
Run: 5: Generation 65
Solution: [61, 6, 7, 8, 67]: Size: 5: Type: : Plausibility: -2.494574528840663: Novelty: 0.7142857142857143: Min Abs Distance: 0.5714285714285714: Avg Frequency: 0.16223306894447836: Closest Item: [1, 6, 26, 61, 67]: Intersections: 3
Run: 5: Generation 66
Solution: N/A: Size: N/A: Plausibility: N/A: Novelty: N/A: Min Abs Distance: N/A: Avg Frequency: N/A: Closest Item: N/A: Intersections: N/A 
Run: 5: Generation 67
Solution: [61, 6, 7, 68]: Size: 4: Type: : Plausibility: -0.6236436322101656: Novelty: 0.7142857142857143: Min Abs Distance: 0.6: Avg Frequency: 0.1725137278828554: Closest Item: [6, 61, 66]: Intersections: 2
Run: 5: Generation 68
Solution: N/A: Size: N/A: Plausibility: N/A: Novelty: N/A: Min Abs Distance: N/A: Avg Frequency: N/A: Closest Item: N/A: Intersections: N/A 
Run: 5: Generation 69
Solution: N/A: Size: N/A: Plausibility: N/A: Novelty: N/A: Min Abs Distance: N/A: Avg Frequency: N/A: Closest Item: N/A: Intersections: N/A 
Run: 5: Generation 70
Solution: [6, 7, 61, 8, 67]: Size: 5: Type: : Plausibility: -2.494574528840663: Novelty: 0.7142857142857143: Min Abs Distance: 0.5714285714285714: Avg Frequency: 0.16223306894447836: Closest Item: [1, 6, 26, 61, 67]: Intersections: 3
Run: 5: Generation 71
Solution: N/A: Size: N/A: Plausibility: N/A: Novelty: N/A: Min Abs Distance: N/A: Avg Frequency: N/A: Closest Item: N/A: Intersections: N/A 
Run: 5: Generation 72
Solution: [6, 61, 7, 68]: Size: 4: Type: : Plausibility: -0.6236436322101656: Novelty: 0.7142857142857143: Min Abs Distance: 0.6: Avg Frequency: 0.1725137278828554: Closest Item: [6, 61, 66]: Intersections: 2
Run: 5: Generation 73
Solution: [8, 6, 61, 7, 67]: Size: 5: Type: : Plausibility: -2.494574528840663: Novelty: 0.7142857142857143: Min Abs Distance: 0.5714285714285714: Avg Frequency: 0.16223306894447836: Closest Item: [1, 6, 26, 61, 67]: Intersections: 3
Run: 5: Generation 74
Solution: N/A: Size: N/A: Plausibility: N/A: Novelty: N/A: Min Abs Distance: N/A: Avg Frequency: N/A: Closest Item: N/A: Intersections: N/A 
Run: 5: Generation 75
Solution: N/A: Size: N/A: Plausibility: N/A: Novelty: N/A: Min Abs Distance: N/A: Avg Frequency: N/A: Closest Item: N/A: Intersections: N/A 
Run: 5: Generation 76
Solution: N/A: Size: N/A: Plausibility: N/A: Novelty: N/A: Min Abs Distance: N/A: Avg Frequency: N/A: Closest Item: N/A: Intersections: N/A 
Run: 5: Generation 77
Solution: [61, 7, 8, 6, 67]: Size: 5: Type: : Plausibility: -2.494574528840663: Novelty: 0.7142857142857143: Min Abs Distance: 0.5714285714285714: Avg Frequency: 0.16223306894447836: Closest Item: [1, 6, 26, 61, 67]: Intersections: 3
Run: 5: Generation 78
Solution: N/A: Size: N/A: Plausibility: N/A: Novelty: N/A: Min Abs Distance: N/A: Avg Frequency: N/A: Closest Item: N/A: Intersections: N/A 
Run: 5: Generation 79
Solution: N/A: Size: N/A: Plausibility: N/A: Novelty: N/A: Min Abs Distance: N/A: Avg Frequency: N/A: Closest Item: N/A: Intersections: N/A 
Run: 5: Generation 80
Solution: [61, 7, 6, 8, 67]: Size: 5: Type: : Plausibility: -2.494574528840663: Novelty: 0.7142857142857143: Min Abs Distance: 0.5714285714285714: Avg Frequency: 0.16223306894447836: Closest Item: [1, 6, 26, 61, 67]: Intersections: 3
Run: 5: Generation 81
Solution: N/A: Size: N/A: Plausibility: N/A: Novelty: N/A: Min Abs Distance: N/A: Avg Frequency: N/A: Closest Item: N/A: Intersections: N/A 
Run: 5: Generation 82
Solution: N/A: Size: N/A: Plausibility: N/A: Novelty: N/A: Min Abs Distance: N/A: Avg Frequency: N/A: Closest Item: N/A: Intersections: N/A 
Run: 5: Generation 83
Solution: N/A: Size: N/A: Plausibility: N/A: Novelty: N/A: Min Abs Distance: N/A: Avg Frequency: N/A: Closest Item: N/A: Intersections: N/A 
Run: 5: Generation 84
Solution: N/A: Size: N/A: Plausibility: N/A: Novelty: N/A: Min Abs Distance: N/A: Avg Frequency: N/A: Closest Item: N/A: Intersections: N/A 
Run: 5: Generation 85
Solution: N/A: Size: N/A: Plausibility: N/A: Novelty: N/A: Min Abs Distance: N/A: Avg Frequency: N/A: Closest Item: N/A: Intersections: N/A 
Run: 5: Generation 86
Solution: [61, 6, 68]: Size: 3: Type: : Plausibility: -0.0: Novelty: 0.75: Min Abs Distance: 0.5: Avg Frequency: 0.16544641041285338: Closest Item: [6, 61, 66]: Intersections: 2
Run: 5: Generation 87
Solution: N/A: Size: N/A: Plausibility: N/A: Novelty: N/A: Min Abs Distance: N/A: Avg Frequency: N/A: Closest Item: N/A: Intersections: N/A 
Run: 5: Generation 88
Solution: N/A: Size: N/A: Plausibility: N/A: Novelty: N/A: Min Abs Distance: N/A: Avg Frequency: N/A: Closest Item: N/A: Intersections: N/A 
Run: 5: Generation 89
Solution: N/A: Size: N/A: Plausibility: N/A: Novelty: N/A: Min Abs Distance: N/A: Avg Frequency: N/A: Closest Item: N/A: Intersections: N/A 
Run: 5: Generation 90
Solution: N/A: Size: N/A: Plausibility: N/A: Novelty: N/A: Min Abs Distance: N/A: Avg Frequency: N/A: Closest Item: N/A: Intersections: N/A 
Run: 5: Generation 91
Solution: [61, 8, 7, 6, 67]: Size: 5: Type: : Plausibility: -2.494574528840663: Novelty: 0.7142857142857143: Min Abs Distance: 0.5714285714285714: Avg Frequency: 0.16223306894447836: Closest Item: [1, 6, 26, 61, 67]: Intersections: 3
Solution: [61, 6, 7, 8, 67]: Size: 5: Type: : Plausibility: -2.494574528840663: Novelty: 0.7142857142857143: Min Abs Distance: 0.5714285714285714: Avg Frequency: 0.16223306894447836: Closest Item: [1, 6, 26, 61, 67]: Intersections: 3
Run: 5: Generation 92
Solution: N/A: Size: N/A: Plausibility: N/A: Novelty: N/A: Min Abs Distance: N/A: Avg Frequency: N/A: Closest Item: N/A: Intersections: N/A 
Run: 5: Generation 93
Solution: N/A: Size: N/A: Plausibility: N/A: Novelty: N/A: Min Abs Distance: N/A: Avg Frequency: N/A: Closest Item: N/A: Intersections: N/A 
Run: 5: Generation 94
Solution: [61, 6, 7, 8, 67]: Size: 5: Type: : Plausibility: -2.494574528840663: Novelty: 0.7142857142857143: Min Abs Distance: 0.5714285714285714: Avg Frequency: 0.16223306894447836: Closest Item: [1, 6, 26, 61, 67]: Intersections: 3
Run: 5: Generation 95
Solution: N/A: Size: N/A: Plausibility: N/A: Novelty: N/A: Min Abs Distance: N/A: Avg Frequency: N/A: Closest Item: N/A: Intersections: N/A 
Run: 5: Generation 96
Solution: N/A: Size: N/A: Plausibility: N/A: Novelty: N/A: Min Abs Distance: N/A: Avg Frequency: N/A: Closest Item: N/A: Intersections: N/A 
Run: 5: Generation 97
Solution: N/A: Size: N/A: Plausibility: N/A: Novelty: N/A: Min Abs Distance: N/A: Avg Frequency: N/A: Closest Item: N/A: Intersections: N/A 
Run: 5: Generation 98
Solution: N/A: Size: N/A: Plausibility: N/A: Novelty: N/A: Min Abs Distance: N/A: Avg Frequency: N/A: Closest Item: N/A: Intersections: N/A 
Run: 5: Generation 99
Solution: [6, 61, 7, 8, 67]: Size: 5: Type: : Plausibility: -2.494574528840663: Novelty: 0.7142857142857143: Min Abs Distance: 0.5714285714285714: Avg Frequency: 0.16223306894447836: Closest Item: [1, 6, 26, 61, 67]: Intersections: 3
Run: 5: Generation 100
Solution: N/A: Size: N/A: Plausibility: N/A: Novelty: N/A: Min Abs Distance: N/A: Avg Frequency: N/A: Closest Item: N/A: Intersections: N/A 
Run: 5: Generation 101
Solution: [6, 8, 61, 7, 67]: Size: 5: Type: : Plausibility: -2.494574528840663: Novelty: 0.7142857142857143: Min Abs Distance: 0.5714285714285714: Avg Frequency: 0.16223306894447836: Closest Item: [1, 6, 26, 61, 67]: Intersections: 3
Run: 5: Generation 102
Solution: N/A: Size: N/A: Plausibility: N/A: Novelty: N/A: Min Abs Distance: N/A: Avg Frequency: N/A: Closest Item: N/A: Intersections: N/A 
Run: 5: Generation 103
Solution: N/A: Size: N/A: Plausibility: N/A: Novelty: N/A: Min Abs Distance: N/A: Avg Frequency: N/A: Closest Item: N/A: Intersections: N/A 
Run: 5: Generation 104
Solution: [61, 6, 5, 7, 67]: Size: 5: Type: : Plausibility: -1.663049685893775: Novelty: 0.7142857142857143: Min Abs Distance: 0.4285714285714286: Avg Frequency: 0.15173886516168394: Closest Item: [5, 6, 21, 29, 61, 67]: Intersections: 4
Run: 5: Generation 105
Solution: [61, 8, 6, 7, 67]: Size: 5: Type: : Plausibility: -2.494574528840663: Novelty: 0.7142857142857143: Min Abs Distance: 0.5714285714285714: Avg Frequency: 0.16223306894447834: Closest Item: [1, 6, 26, 61, 67]: Intersections: 3
Solution: [3, 61, 6, 7, 68]: Size: 5: Type: : Plausibility: -0.8315248429468876: Novelty: 0.7142857142857143: Min Abs Distance: 0.5714285714285714: Avg Frequency: 0.23270286760219644: Closest Item: [3, 7, 23, 61, 66]: Intersections: 3
Run: 5: Generation 106
Solution: N/A: Size: N/A: Plausibility: N/A: Novelty: N/A: Min Abs Distance: N/A: Avg Frequency: N/A: Closest Item: N/A: Intersections: N/A 
Run: 5: Generation 107
Solution: N/A: Size: N/A: Plausibility: N/A: Novelty: N/A: Min Abs Distance: N/A: Avg Frequency: N/A: Closest Item: N/A: Intersections: N/A 
Run: 5: Generation 108
Solution: N/A: Size: N/A: Plausibility: N/A: Novelty: N/A: Min Abs Distance: N/A: Avg Frequency: N/A: Closest Item: N/A: Intersections: N/A 
Run: 5: Generation 109
Solution: N/A: Size: N/A: Plausibility: N/A: Novelty: N/A: Min Abs Distance: N/A: Avg Frequency: N/A: Closest Item: N/A: Intersections: N/A 
Run: 5: Generation 110
Solution: N/A: Size: N/A: Plausibility: N/A: Novelty: N/A: Min Abs Distance: N/A: Avg Frequency: N/A: Closest Item: N/A: Intersections: N/A 
Run: 5: Generation 111
Solution: N/A: Size: N/A: Plausibility: N/A: Novelty: N/A: Min Abs Distance: N/A: Avg Frequency: N/A: Closest Item: N/A: Intersections: N/A 
Run: 5: Generation 112
Solution: N/A: Size: N/A: Plausibility: N/A: Novelty: N/A: Min Abs Distance: N/A: Avg Frequency: N/A: Closest Item: N/A: Intersections: N/A 
Run: 5: Generation 113
Solution: [61, 6, 7, 8, 67]: Size: 5: Type: : Plausibility: -2.494574528840663: Novelty: 0.7142857142857143: Min Abs Distance: 0.5714285714285714: Avg Frequency: 0.16223306894447836: Closest Item: [1, 6, 26, 61, 67]: Intersections: 3
Run: 5: Generation 114
Solution: N/A: Size: N/A: Plausibility: N/A: Novelty: N/A: Min Abs Distance: N/A: Avg Frequency: N/A: Closest Item: N/A: Intersections: N/A 
Run: 5: Generation 115
Solution: N/A: Size: N/A: Plausibility: N/A: Novelty: N/A: Min Abs Distance: N/A: Avg Frequency: N/A: Closest Item: N/A: Intersections: N/A 
Run: 5: Generation 116
Solution: N/A: Size: N/A: Plausibility: N/A: Novelty: N/A: Min Abs Distance: N/A: Avg Frequency: N/A: Closest Item: N/A: Intersections: N/A 
Run: 5: Generation 117
Solution: [61, 6, 8, 68]: Size: 4: Type: : Plausibility: -0.0: Novelty: 0.7777777777777778: Min Abs Distance: 0.6: Avg Frequency: 0.138117754728493: Closest Item: [6, 61, 66]: Intersections: 2
Run: 5: Generation 118
Solution: N/A: Size: N/A: Plausibility: N/A: Novelty: N/A: Min Abs Distance: N/A: Avg Frequency: N/A: Closest Item: N/A: Intersections: N/A 
Run: 5: Generation 119
Solution: N/A: Size: N/A: Plausibility: N/A: Novelty: N/A: Min Abs Distance: N/A: Avg Frequency: N/A: Closest Item: N/A: Intersections: N/A 
Run: 5: Generation 120
Solution: [6, 7, 8, 61, 67]: Size: 5: Type: : Plausibility: -2.494574528840663: Novelty: 0.7142857142857143: Min Abs Distance: 0.5714285714285714: Avg Frequency: 0.16223306894447836: Closest Item: [1, 6, 26, 61, 67]: Intersections: 3
Run: 5: Generation 121
Solution: N/A: Size: N/A: Plausibility: N/A: Novelty: N/A: Min Abs Distance: N/A: Avg Frequency: N/A: Closest Item: N/A: Intersections: N/A 
Run: 5: Generation 122
Solution: N/A: Size: N/A: Plausibility: N/A: Novelty: N/A: Min Abs Distance: N/A: Avg Frequency: N/A: Closest Item: N/A: Intersections: N/A 
Run: 5: Generation 123
Solution: N/A: Size: N/A: Plausibility: N/A: Novelty: N/A: Min Abs Distance: N/A: Avg Frequency: N/A: Closest Item: N/A: Intersections: N/A 
Run: 5: Generation 124
Solution: N/A: Size: N/A: Plausibility: N/A: Novelty: N/A: Min Abs Distance: N/A: Avg Frequency: N/A: Closest Item: N/A: Intersections: N/A 
Run: 5: Generation 125
Solution: [61, 6, 8, 7, 67]: Size: 5: Type: : Plausibility: -2.494574528840663: Novelty: 0.7142857142857143: Min Abs Distance: 0.5714285714285714: Avg Frequency: 0.16223306894447836: Closest Item: [1, 6, 26, 61, 67]: Intersections: 3
Run: 5: Generation 126
Solution: N/A: Size: N/A: Plausibility: N/A: Novelty: N/A: Min Abs Distance: N/A: Avg Frequency: N/A: Closest Item: N/A: Intersections: N/A 
Run: 5: Generation 127
Solution: N/A: Size: N/A: Plausibility: N/A: Novelty: N/A: Min Abs Distance: N/A: Avg Frequency: N/A: Closest Item: N/A: Intersections: N/A 
Run: 5: Generation 128
Solution: [61, 8, 7, 6, 67]: Size: 5: Type: : Plausibility: -2.494574528840663: Novelty: 0.7142857142857143: Min Abs Distance: 0.5714285714285714: Avg Frequency: 0.16223306894447836: Closest Item: [1, 6, 26, 61, 67]: Intersections: 3
Run: 5: Generation 129
Solution: [7, 61, 6, 8, 67]: Size: 5: Type: : Plausibility: -2.494574528840663: Novelty: 0.7142857142857143: Min Abs Distance: 0.5714285714285714: Avg Frequency: 0.16223306894447836: Closest Item: [1, 6, 26, 61, 67]: Intersections: 3
Run: 5: Generation 130
Solution: N/A: Size: N/A: Plausibility: N/A: Novelty: N/A: Min Abs Distance: N/A: Avg Frequency: N/A: Closest Item: N/A: Intersections: N/A 
Run: 5: Generation 131
Solution: N/A: Size: N/A: Plausibility: N/A: Novelty: N/A: Min Abs Distance: N/A: Avg Frequency: N/A: Closest Item: N/A: Intersections: N/A 
Run: 5: Generation 132
Solution: N/A: Size: N/A: Plausibility: N/A: Novelty: N/A: Min Abs Distance: N/A: Avg Frequency: N/A: Closest Item: N/A: Intersections: N/A 
Run: 5: Generation 133
Solution: N/A: Size: N/A: Plausibility: N/A: Novelty: N/A: Min Abs Distance: N/A: Avg Frequency: N/A: Closest Item: N/A: Intersections: N/A 
Run: 5: Generation 134
Solution: [61, 6, 7, 68]: Size: 4: Type: : Plausibility: -0.6236436322101656: Novelty: 0.7142857142857143: Min Abs Distance: 0.6: Avg Frequency: 0.1725137278828554: Closest Item: [6, 61, 66]: Intersections: 2
Run: 5: Generation 135
Solution: N/A: Size: N/A: Plausibility: N/A: Novelty: N/A: Min Abs Distance: N/A: Avg Frequency: N/A: Closest Item: N/A: Intersections: N/A 
Run: 5: Generation 136
Solution: N/A: Size: N/A: Plausibility: N/A: Novelty: N/A: Min Abs Distance: N/A: Avg Frequency: N/A: Closest Item: N/A: Intersections: N/A 
Run: 5: Generation 137
Solution: [7, 61, 6, 68]: Size: 4: Type: : Plausibility: -0.6236436322101656: Novelty: 0.7142857142857143: Min Abs Distance: 0.6: Avg Frequency: 0.1725137278828554: Closest Item: [6, 61, 66]: Intersections: 2
Run: 5: Generation 138
Solution: N/A: Size: N/A: Plausibility: N/A: Novelty: N/A: Min Abs Distance: N/A: Avg Frequency: N/A: Closest Item: N/A: Intersections: N/A 
Run: 5: Generation 139
Solution: N/A: Size: N/A: Plausibility: N/A: Novelty: N/A: Min Abs Distance: N/A: Avg Frequency: N/A: Closest Item: N/A: Intersections: N/A 
Run: 5: Generation 140
Solution: N/A: Size: N/A: Plausibility: N/A: Novelty: N/A: Min Abs Distance: N/A: Avg Frequency: N/A: Closest Item: N/A: Intersections: N/A 
Run: 5: Generation 141
Solution: N/A: Size: N/A: Plausibility: N/A: Novelty: N/A: Min Abs Distance: N/A: Avg Frequency: N/A: Closest Item: N/A: Intersections: N/A 
Run: 5: Generation 142
Solution: N/A: Size: N/A: Plausibility: N/A: Novelty: N/A: Min Abs Distance: N/A: Avg Frequency: N/A: Closest Item: N/A: Intersections: N/A 
Run: 5: Generation 143
Solution: N/A: Size: N/A: Plausibility: N/A: Novelty: N/A: Min Abs Distance: N/A: Avg Frequency: N/A: Closest Item: N/A: Intersections: N/A 
Run: 5: Generation 144
Solution: [61, 6, 7, 8, 67]: Size: 5: Type: : Plausibility: -2.494574528840663: Novelty: 0.7142857142857143: Min Abs Distance: 0.5714285714285714: Avg Frequency: 0.16223306894447836: Closest Item: [1, 6, 26, 61, 67]: Intersections: 3
Run: 5: Generation 145
Solution: N/A: Size: N/A: Plausibility: N/A: Novelty: N/A: Min Abs Distance: N/A: Avg Frequency: N/A: Closest Item: N/A: Intersections: N/A 
Run: 5: Generation 146
Solution: N/A: Size: N/A: Plausibility: N/A: Novelty: N/A: Min Abs Distance: N/A: Avg Frequency: N/A: Closest Item: N/A: Intersections: N/A 
Run: 5: Generation 147
Solution: N/A: Size: N/A: Plausibility: N/A: Novelty: N/A: Min Abs Distance: N/A: Avg Frequency: N/A: Closest Item: N/A: Intersections: N/A 
Run: 5: Generation 148
Solution: N/A: Size: N/A: Plausibility: N/A: Novelty: N/A: Min Abs Distance: N/A: Avg Frequency: N/A: Closest Item: N/A: Intersections: N/A 
Run: 5: Generation 149
Solution: N/A: Size: N/A: Plausibility: N/A: Novelty: N/A: Min Abs Distance: N/A: Avg Frequency: N/A: Closest Item: N/A: Intersections: N/A 
Run: 5: Generation 150
Solution: N/A: Size: N/A: Plausibility: N/A: Novelty: N/A: Min Abs Distance: N/A: Avg Frequency: N/A: Closest Item: N/A: Intersections: N/A 
Run: 5: Generation 151
Solution: [61, 6, 8, 7, 67]: Size: 5: Type: : Plausibility: -2.494574528840663: Novelty: 0.7142857142857143: Min Abs Distance: 0.5714285714285714: Avg Frequency: 0.16223306894447836: Closest Item: [1, 6, 26, 61, 67]: Intersections: 3
Run: 5: Generation 152
Solution: N/A: Size: N/A: Plausibility: N/A: Novelty: N/A: Min Abs Distance: N/A: Avg Frequency: N/A: Closest Item: N/A: Intersections: N/A 
Run: 5: Generation 153
Solution: [61, 6, 7, 8, 67]: Size: 5: Type: : Plausibility: -2.494574528840663: Novelty: 0.7142857142857143: Min Abs Distance: 0.5714285714285714: Avg Frequency: 0.16223306894447836: Closest Item: [1, 6, 26, 61, 67]: Intersections: 3
Run: 5: Generation 154
Solution: N/A: Size: N/A: Plausibility: N/A: Novelty: N/A: Min Abs Distance: N/A: Avg Frequency: N/A: Closest Item: N/A: Intersections: N/A 
Run: 5: Generation 155
Solution: N/A: Size: N/A: Plausibility: N/A: Novelty: N/A: Min Abs Distance: N/A: Avg Frequency: N/A: Closest Item: N/A: Intersections: N/A 
Run: 5: Generation 156
Solution: N/A: Size: N/A: Plausibility: N/A: Novelty: N/A: Min Abs Distance: N/A: Avg Frequency: N/A: Closest Item: N/A: Intersections: N/A 
Run: 5: Generation 157
Solution: N/A: Size: N/A: Plausibility: N/A: Novelty: N/A: Min Abs Distance: N/A: Avg Frequency: N/A: Closest Item: N/A: Intersections: N/A 
Run: 5: Generation 158
Solution: N/A: Size: N/A: Plausibility: N/A: Novelty: N/A: Min Abs Distance: N/A: Avg Frequency: N/A: Closest Item: N/A: Intersections: N/A 
Run: 5: Generation 159
Solution: N/A: Size: N/A: Plausibility: N/A: Novelty: N/A: Min Abs Distance: N/A: Avg Frequency: N/A: Closest Item: N/A: Intersections: N/A 
Run: 5: Generation 160
Solution: N/A: Size: N/A: Plausibility: N/A: Novelty: N/A: Min Abs Distance: N/A: Avg Frequency: N/A: Closest Item: N/A: Intersections: N/A 
Run: 5: Generation 161
Solution: N/A: Size: N/A: Plausibility: N/A: Novelty: N/A: Min Abs Distance: N/A: Avg Frequency: N/A: Closest Item: N/A: Intersections: N/A 
Run: 5: Generation 162
Solution: N/A: Size: N/A: Plausibility: N/A: Novelty: N/A: Min Abs Distance: N/A: Avg Frequency: N/A: Closest Item: N/A: Intersections: N/A 
Run: 5: Generation 163
Solution: N/A: Size: N/A: Plausibility: N/A: Novelty: N/A: Min Abs Distance: N/A: Avg Frequency: N/A: Closest Item: N/A: Intersections: N/A 
Run: 5: Generation 164
Solution: N/A: Size: N/A: Plausibility: N/A: Novelty: N/A: Min Abs Distance: N/A: Avg Frequency: N/A: Closest Item: N/A: Intersections: N/A 
Run: 5: Generation 165
Solution: [7, 61, 6, 8, 67]: Size: 5: Type: : Plausibility: -2.494574528840663: Novelty: 0.7142857142857143: Min Abs Distance: 0.5714285714285714: Avg Frequency: 0.16223306894447836: Closest Item: [1, 6, 26, 61, 67]: Intersections: 3
Run: 5: Generation 166
Solution: N/A: Size: N/A: Plausibility: N/A: Novelty: N/A: Min Abs Distance: N/A: Avg Frequency: N/A: Closest Item: N/A: Intersections: N/A 
Run: 5: Generation 167
Solution: N/A: Size: N/A: Plausibility: N/A: Novelty: N/A: Min Abs Distance: N/A: Avg Frequency: N/A: Closest Item: N/A: Intersections: N/A 
Run: 5: Generation 168
Solution: [7, 8, 61, 6, 67]: Size: 5: Type: : Plausibility: -2.494574528840663: Novelty: 0.7142857142857143: Min Abs Distance: 0.5714285714285714: Avg Frequency: 0.16223306894447836: Closest Item: [1, 6, 26, 61, 67]: Intersections: 3
Run: 5: Generation 169
Solution: N/A: Size: N/A: Plausibility: N/A: Novelty: N/A: Min Abs Distance: N/A: Avg Frequency: N/A: Closest Item: N/A: Intersections: N/A 
Run: 5: Generation 170
Solution: N/A: Size: N/A: Plausibility: N/A: Novelty: N/A: Min Abs Distance: N/A: Avg Frequency: N/A: Closest Item: N/A: Intersections: N/A 
Run: 5: Generation 171
Solution: N/A: Size: N/A: Plausibility: N/A: Novelty: N/A: Min Abs Distance: N/A: Avg Frequency: N/A: Closest Item: N/A: Intersections: N/A 
Run: 5: Generation 172
Solution: N/A: Size: N/A: Plausibility: N/A: Novelty: N/A: Min Abs Distance: N/A: Avg Frequency: N/A: Closest Item: N/A: Intersections: N/A 
Run: 5: Generation 173
Solution: N/A: Size: N/A: Plausibility: N/A: Novelty: N/A: Min Abs Distance: N/A: Avg Frequency: N/A: Closest Item: N/A: Intersections: N/A 
Run: 5: Generation 174
Solution: N/A: Size: N/A: Plausibility: N/A: Novelty: N/A: Min Abs Distance: N/A: Avg Frequency: N/A: Closest Item: N/A: Intersections: N/A 
Run: 5: Generation 175
Solution: [61, 7, 6, 68]: Size: 4: Type: : Plausibility: -0.6236436322101656: Novelty: 0.7142857142857143: Min Abs Distance: 0.6: Avg Frequency: 0.1725137278828554: Closest Item: [6, 61, 66]: Intersections: 2
Solution: [61, 6, 7, 68]: Size: 4: Type: : Plausibility: -0.6236436322101656: Novelty: 0.7142857142857143: Min Abs Distance: 0.6: Avg Frequency: 0.1725137278828554: Closest Item: [6, 61, 66]: Intersections: 2
Solution: [61, 6, 8, 7, 67]: Size: 5: Type: : Plausibility: -2.494574528840663: Novelty: 0.7142857142857143: Min Abs Distance: 0.5714285714285714: Avg Frequency: 0.16223306894447836: Closest Item: [1, 6, 26, 61, 67]: Intersections: 3
Run: 5: Generation 176
Solution: [61, 6, 7, 68]: Size: 4: Type: : Plausibility: -0.6236436322101656: Novelty: 0.7142857142857143: Min Abs Distance: 0.6: Avg Frequency: 0.1725137278828554: Closest Item: [6, 61, 66]: Intersections: 2
Run: 5: Generation 177
Solution: N/A: Size: N/A: Plausibility: N/A: Novelty: N/A: Min Abs Distance: N/A: Avg Frequency: N/A: Closest Item: N/A: Intersections: N/A 
Run: 5: Generation 178
Solution: N/A: Size: N/A: Plausibility: N/A: Novelty: N/A: Min Abs Distance: N/A: Avg Frequency: N/A: Closest Item: N/A: Intersections: N/A 
Run: 5: Generation 179
Solution: N/A: Size: N/A: Plausibility: N/A: Novelty: N/A: Min Abs Distance: N/A: Avg Frequency: N/A: Closest Item: N/A: Intersections: N/A 
Run: 5: Generation 180
Solution: N/A: Size: N/A: Plausibility: N/A: Novelty: N/A: Min Abs Distance: N/A: Avg Frequency: N/A: Closest Item: N/A: Intersections: N/A 
Run: 5: Generation 181
Solution: [6, 8, 61, 7, 67]: Size: 5: Type: : Plausibility: -2.494574528840663: Novelty: 0.7142857142857143: Min Abs Distance: 0.5714285714285714: Avg Frequency: 0.16223306894447836: Closest Item: [1, 6, 26, 61, 67]: Intersections: 3
Run: 5: Generation 182
Solution: N/A: Size: N/A: Plausibility: N/A: Novelty: N/A: Min Abs Distance: N/A: Avg Frequency: N/A: Closest Item: N/A: Intersections: N/A 
Run: 5: Generation 183
Solution: N/A: Size: N/A: Plausibility: N/A: Novelty: N/A: Min Abs Distance: N/A: Avg Frequency: N/A: Closest Item: N/A: Intersections: N/A 
Run: 5: Generation 184
Solution: N/A: Size: N/A: Plausibility: N/A: Novelty: N/A: Min Abs Distance: N/A: Avg Frequency: N/A: Closest Item: N/A: Intersections: N/A 
Run: 5: Generation 185
Solution: N/A: Size: N/A: Plausibility: N/A: Novelty: N/A: Min Abs Distance: N/A: Avg Frequency: N/A: Closest Item: N/A: Intersections: N/A 
Run: 5: Generation 186
Solution: [61, 6, 8, 7, 67]: Size: 5: Type: : Plausibility: -2.494574528840663: Novelty: 0.7142857142857143: Min Abs Distance: 0.5714285714285714: Avg Frequency: 0.16223306894447836: Closest Item: [1, 6, 26, 61, 67]: Intersections: 3
Run: 5: Generation 187
Solution: [61, 7, 6, 8, 68]: Size: 5: Type: : Plausibility: -0.8315248429468876: Novelty: 0.75: Min Abs Distance: 0.6666666666666667: Avg Frequency: 0.1492373398413667: Closest Item: [6, 61, 66]: Intersections: 2
Solution: [6, 61, 7, 8, 67]: Size: 5: Type: : Plausibility: -2.494574528840663: Novelty: 0.7142857142857143: Min Abs Distance: 0.5714285714285714: Avg Frequency: 0.16223306894447836: Closest Item: [1, 6, 26, 61, 67]: Intersections: 3
Run: 5: Generation 188
Solution: N/A: Size: N/A: Plausibility: N/A: Novelty: N/A: Min Abs Distance: N/A: Avg Frequency: N/A: Closest Item: N/A: Intersections: N/A 
Run: 5: Generation 189
Solution: N/A: Size: N/A: Plausibility: N/A: Novelty: N/A: Min Abs Distance: N/A: Avg Frequency: N/A: Closest Item: N/A: Intersections: N/A 
Run: 5: Generation 190
Solution: N/A: Size: N/A: Plausibility: N/A: Novelty: N/A: Min Abs Distance: N/A: Avg Frequency: N/A: Closest Item: N/A: Intersections: N/A 
Run: 5: Generation 191
Solution: [61, 6, 7, 8, 67]: Size: 5: Type: : Plausibility: -2.494574528840663: Novelty: 0.7142857142857143: Min Abs Distance: 0.5714285714285714: Avg Frequency: 0.16223306894447836: Closest Item: [1, 6, 26, 61, 67]: Intersections: 3
Run: 5: Generation 192
Solution: [6, 7, 61, 28, 8, 68]: Size: 6: Type: : Plausibility: -0.962087912087912: Novelty: 0.7: Min Abs Distance: 0.5714285714285714: Avg Frequency: 0.15126093146227373: Closest Item: [1, 7, 28, 68]: Intersections: 3
Solution: [6, 8, 7, 61, 67]: Size: 5: Type: : Plausibility: -2.494574528840663: Novelty: 0.7142857142857143: Min Abs Distance: 0.5714285714285714: Avg Frequency: 0.16223306894447836: Closest Item: [1, 6, 26, 61, 67]: Intersections: 3
Run: 5: Generation 193
Solution: N/A: Size: N/A: Plausibility: N/A: Novelty: N/A: Min Abs Distance: N/A: Avg Frequency: N/A: Closest Item: N/A: Intersections: N/A 
Run: 5: Generation 194
Solution: N/A: Size: N/A: Plausibility: N/A: Novelty: N/A: Min Abs Distance: N/A: Avg Frequency: N/A: Closest Item: N/A: Intersections: N/A 
Run: 5: Generation 195
Solution: N/A: Size: N/A: Plausibility: N/A: Novelty: N/A: Min Abs Distance: N/A: Avg Frequency: N/A: Closest Item: N/A: Intersections: N/A 
Run: 5: Generation 196
Solution: N/A: Size: N/A: Plausibility: N/A: Novelty: N/A: Min Abs Distance: N/A: Avg Frequency: N/A: Closest Item: N/A: Intersections: N/A 
Run: 5: Generation 197
Solution: N/A: Size: N/A: Plausibility: N/A: Novelty: N/A: Min Abs Distance: N/A: Avg Frequency: N/A: Closest Item: N/A: Intersections: N/A 
Run: 5: Generation 198
Solution: N/A: Size: N/A: Plausibility: N/A: Novelty: N/A: Min Abs Distance: N/A: Avg Frequency: N/A: Closest Item: N/A: Intersections: N/A 
Run: 5: Generation 199
Solution: N/A: Size: N/A: Plausibility: N/A: Novelty: N/A: Min Abs Distance: N/A: Avg Frequency: N/A: Closest Item: N/A: Intersections: N/A 
Run: 5: Generation 200
Solution: N/A: Size: N/A: Plausibility: N/A: Novelty: N/A: Min Abs Distance: N/A: Avg Frequency: N/A: Closest Item: N/A: Intersections: N/A 
