Run: 5: Generation 1
Solution: N/A: Size: N/A: Plausibility: N/A: Novelty: N/A: Min Abs Distance: N/A: Avg Frequency: N/A: Closest Item: N/A: Intersections: N/A 
Run: 5: Generation 2
Solution: [61, 6, 7, 8, 67]: Size: 5: Type: : Plausibility: -2.494574528840663: Novelty: 0.7142857142857143: Min Abs Distance: 0.5714285714285714: Avg Frequency: 0.16223306894447836: Closest Item: [1, 6, 26, 61, 67]: Intersections: 3
Solution: [7, 61, 6, 8, 67]: Size: 5: Type: : Plausibility: -2.494574528840663: Novelty: 0.7142857142857143: Min Abs Distance: 0.5714285714285714: Avg Frequency: 0.16223306894447836: Closest Item: [1, 6, 26, 61, 67]: Intersections: 3
Run: 5: Generation 3
Solution: N/A: Size: N/A: Plausibility: N/A: Novelty: N/A: Min Abs Distance: N/A: Avg Frequency: N/A: Closest Item: N/A: Intersections: N/A 
Run: 5: Generation 4
Solution: N/A: Size: N/A: Plausibility: N/A: Novelty: N/A: Min Abs Distance: N/A: Avg Frequency: N/A: Closest Item: N/A: Intersections: N/A 
Run: 5: Generation 5
Solution: N/A: Size: N/A: Plausibility: N/A: Novelty: N/A: Min Abs Distance: N/A: Avg Frequency: N/A: Closest Item: N/A: Intersections: N/A 
Run: 5: Generation 6
Solution: [7, 61, 6, 8, 67]: Size: 5: Type: : Plausibility: -2.494574528840663: Novelty: 0.7142857142857143: Min Abs Distance: 0.5714285714285714: Avg Frequency: 0.16223306894447836: Closest Item: [1, 6, 26, 61, 67]: Intersections: 3
Run: 5: Generation 7
Solution: N/A: Size: N/A: Plausibility: N/A: Novelty: N/A: Min Abs Distance: N/A: Avg Frequency: N/A: Closest Item: N/A: Intersections: N/A 
Run: 5: Generation 8
Solution: N/A: Size: N/A: Plausibility: N/A: Novelty: N/A: Min Abs Distance: N/A: Avg Frequency: N/A: Closest Item: N/A: Intersections: N/A 
Run: 5: Generation 9
Solution: [61, 6, 8, 7, 67]: Size: 5: Type: : Plausibility: -2.494574528840663: Novelty: 0.7142857142857143: Min Abs Distance: 0.5714285714285714: Avg Frequency: 0.16223306894447836: Closest Item: [1, 6, 26, 61, 67]: Intersections: 3
Run: 5: Generation 10
Solution: [61, 6, 7, 8, 67]: Size: 5: Type: : Plausibility: -2.494574528840663: Novelty: 0.7142857142857143: Min Abs Distance: 0.5714285714285714: Avg Frequency: 0.16223306894447836: Closest Item: [1, 6, 26, 61, 67]: Intersections: 3
Run: 5: Generation 11
Solution: [61, 8, 7, 6, 67]: Size: 5: Type: : Plausibility: -2.494574528840663: Novelty: 0.7142857142857143: Min Abs Distance: 0.5714285714285714: Avg Frequency: 0.16223306894447836: Closest Item: [1, 6, 26, 61, 67]: Intersections: 3
Run: 5: Generation 12
Solution: N/A: Size: N/A: Plausibility: N/A: Novelty: N/A: Min Abs Distance: N/A: Avg Frequency: N/A: Closest Item: N/A: Intersections: N/A 
Run: 5: Generation 13
Solution: [6, 61, 8, 7, 67]: Size: 5: Type: : Plausibility: -2.494574528840663: Novelty: 0.7142857142857143: Min Abs Distance: 0.5714285714285714: Avg Frequency: 0.16223306894447836: Closest Item: [1, 6, 26, 61, 67]: Intersections: 3
Run: 5: Generation 14
Solution: [8, 61, 6, 7, 67]: Size: 5: Type: : Plausibility: -2.494574528840663: Novelty: 0.7142857142857143: Min Abs Distance: 0.5714285714285714: Avg Frequency: 0.16223306894447834: Closest Item: [1, 6, 26, 61, 67]: Intersections: 3
Run: 5: Generation 15
Solution: N/A: Size: N/A: Plausibility: N/A: Novelty: N/A: Min Abs Distance: N/A: Avg Frequency: N/A: Closest Item: N/A: Intersections: N/A 
Run: 5: Generation 16
Solution: N/A: Size: N/A: Plausibility: N/A: Novelty: N/A: Min Abs Distance: N/A: Avg Frequency: N/A: Closest Item: N/A: Intersections: N/A 
Run: 5: Generation 17
Solution: [7, 61, 6, 68]: Size: 4: Type: : Plausibility: -0.6236436322101656: Novelty: 0.7142857142857143: Min Abs Distance: 0.6: Avg Frequency: 0.1725137278828554: Closest Item: [6, 61, 66]: Intersections: 2
Solution: [8, 61, 7, 6, 67]: Size: 5: Type: : Plausibility: -2.494574528840663: Novelty: 0.7142857142857143: Min Abs Distance: 0.5714285714285714: Avg Frequency: 0.16223306894447836: Closest Item: [1, 6, 26, 61, 67]: Intersections: 3
Run: 5: Generation 18
Solution: N/A: Size: N/A: Plausibility: N/A: Novelty: N/A: Min Abs Distance: N/A: Avg Frequency: N/A: Closest Item: N/A: Intersections: N/A 
Run: 5: Generation 19
Solution: N/A: Size: N/A: Plausibility: N/A: Novelty: N/A: Min Abs Distance: N/A: Avg Frequency: N/A: Closest Item: N/A: Intersections: N/A 
Run: 5: Generation 20
Solution: [61, 6, 7, 8, 67]: Size: 5: Type: : Plausibility: -2.494574528840663: Novelty: 0.7142857142857143: Min Abs Distance: 0.5714285714285714: Avg Frequency: 0.16223306894447836: Closest Item: [1, 6, 26, 61, 67]: Intersections: 3
Solution: [61, 6, 7, 8, 67]: Size: 5: Type: : Plausibility: -2.494574528840663: Novelty: 0.7142857142857143: Min Abs Distance: 0.5714285714285714: Avg Frequency: 0.16223306894447836: Closest Item: [1, 6, 26, 61, 67]: Intersections: 3
Run: 5: Generation 21
Solution: [61, 7, 6, 8, 67]: Size: 5: Type: : Plausibility: -2.494574528840663: Novelty: 0.7142857142857143: Min Abs Distance: 0.5714285714285714: Avg Frequency: 0.16223306894447836: Closest Item: [1, 6, 26, 61, 67]: Intersections: 3
Solution: [6, 7, 61, 8, 67]: Size: 5: Type: : Plausibility: -2.494574528840663: Novelty: 0.7142857142857143: Min Abs Distance: 0.5714285714285714: Avg Frequency: 0.16223306894447836: Closest Item: [1, 6, 26, 61, 67]: Intersections: 3
Solution: [61, 8, 6, 7, 67]: Size: 5: Type: : Plausibility: -2.494574528840663: Novelty: 0.7142857142857143: Min Abs Distance: 0.5714285714285714: Avg Frequency: 0.16223306894447834: Closest Item: [1, 6, 26, 61, 67]: Intersections: 3
Run: 5: Generation 22
Solution: N/A: Size: N/A: Plausibility: N/A: Novelty: N/A: Min Abs Distance: N/A: Avg Frequency: N/A: Closest Item: N/A: Intersections: N/A 
Run: 5: Generation 23
Solution: N/A: Size: N/A: Plausibility: N/A: Novelty: N/A: Min Abs Distance: N/A: Avg Frequency: N/A: Closest Item: N/A: Intersections: N/A 
Run: 5: Generation 24
Solution: N/A: Size: N/A: Plausibility: N/A: Novelty: N/A: Min Abs Distance: N/A: Avg Frequency: N/A: Closest Item: N/A: Intersections: N/A 
Run: 5: Generation 25
Solution: N/A: Size: N/A: Plausibility: N/A: Novelty: N/A: Min Abs Distance: N/A: Avg Frequency: N/A: Closest Item: N/A: Intersections: N/A 
Run: 5: Generation 26
Solution: [6, 3, 61, 7, 8, 68]: Size: 6: Type: : Plausibility: -0.962087912087912: Novelty: 0.75: Min Abs Distance: 0.625: Avg Frequency: 0.2032743542810657: Closest Item: [3, 8, 27, 61, 66]: Intersections: 3
Run: 5: Generation 27
Solution: N/A: Size: N/A: Plausibility: N/A: Novelty: N/A: Min Abs Distance: N/A: Avg Frequency: N/A: Closest Item: N/A: Intersections: N/A 
Run: 5: Generation 28
Solution: [61, 6, 7, 68]: Size: 4: Type: : Plausibility: -0.6236436322101656: Novelty: 0.7142857142857143: Min Abs Distance: 0.6: Avg Frequency: 0.1725137278828554: Closest Item: [6, 61, 66]: Intersections: 2
Solution: [6, 61, 2, 7, 3, 8, 68]: Size: 7: Type: : Plausibility: -0.8017399267399267: Novelty: 0.7272727272727273: Min Abs Distance: 0.6666666666666667: Avg Frequency: 0.1991196722740347: Closest Item: [3, 8, 27, 61, 66]: Intersections: 3
Run: 5: Generation 29
Solution: [6, 61, 7, 8, 67]: Size: 5: Type: : Plausibility: -2.494574528840663: Novelty: 0.7142857142857143: Min Abs Distance: 0.5714285714285714: Avg Frequency: 0.16223306894447836: Closest Item: [1, 6, 26, 61, 67]: Intersections: 3
Run: 5: Generation 30
Solution: [8, 61, 6, 7, 67]: Size: 5: Type: : Plausibility: -2.494574528840663: Novelty: 0.7142857142857143: Min Abs Distance: 0.5714285714285714: Avg Frequency: 0.16223306894447834: Closest Item: [1, 6, 26, 61, 67]: Intersections: 3
Run: 5: Generation 31
Solution: N/A: Size: N/A: Plausibility: N/A: Novelty: N/A: Min Abs Distance: N/A: Avg Frequency: N/A: Closest Item: N/A: Intersections: N/A 
Run: 5: Generation 32
Solution: [6, 61, 7, 8, 67]: Size: 5: Type: : Plausibility: -2.494574528840663: Novelty: 0.7142857142857143: Min Abs Distance: 0.5714285714285714: Avg Frequency: 0.16223306894447836: Closest Item: [1, 6, 26, 61, 67]: Intersections: 3
Run: 5: Generation 33
Solution: [61, 6, 7, 8, 67]: Size: 5: Type: : Plausibility: -2.494574528840663: Novelty: 0.7142857142857143: Min Abs Distance: 0.5714285714285714: Avg Frequency: 0.16223306894447836: Closest Item: [1, 6, 26, 61, 67]: Intersections: 3
Run: 5: Generation 34
Solution: [61, 6, 7, 68]: Size: 4: Type: : Plausibility: -0.6236436322101656: Novelty: 0.7142857142857143: Min Abs Distance: 0.6: Avg Frequency: 0.1725137278828554: Closest Item: [6, 61, 66]: Intersections: 2
Run: 5: Generation 35
Solution: [6, 7, 61, 8, 67]: Size: 5: Type: : Plausibility: -2.494574528840663: Novelty: 0.7142857142857143: Min Abs Distance: 0.5714285714285714: Avg Frequency: 0.16223306894447836: Closest Item: [1, 6, 26, 61, 67]: Intersections: 3
Run: 5: Generation 36
Solution: [6, 61, 7, 68]: Size: 4: Type: : Plausibility: -0.6236436322101656: Novelty: 0.7142857142857143: Min Abs Distance: 0.6: Avg Frequency: 0.1725137278828554: Closest Item: [6, 61, 66]: Intersections: 2
Run: 5: Generation 37
Solution: [8, 6, 61, 7, 67]: Size: 5: Type: : Plausibility: -2.494574528840663: Novelty: 0.7142857142857143: Min Abs Distance: 0.5714285714285714: Avg Frequency: 0.16223306894447836: Closest Item: [1, 6, 26, 61, 67]: Intersections: 3
Run: 5: Generation 38
Solution: N/A: Size: N/A: Plausibility: N/A: Novelty: N/A: Min Abs Distance: N/A: Avg Frequency: N/A: Closest Item: N/A: Intersections: N/A 
Run: 5: Generation 39
Solution: [61, 7, 8, 6, 67]: Size: 5: Type: : Plausibility: -2.494574528840663: Novelty: 0.7142857142857143: Min Abs Distance: 0.5714285714285714: Avg Frequency: 0.16223306894447836: Closest Item: [1, 6, 26, 61, 67]: Intersections: 3
Run: 5: Generation 40
Solution: [61, 7, 6, 8, 67]: Size: 5: Type: : Plausibility: -2.494574528840663: Novelty: 0.7142857142857143: Min Abs Distance: 0.5714285714285714: Avg Frequency: 0.16223306894447836: Closest Item: [1, 6, 26, 61, 67]: Intersections: 3
Run: 5: Generation 41
Solution: N/A: Size: N/A: Plausibility: N/A: Novelty: N/A: Min Abs Distance: N/A: Avg Frequency: N/A: Closest Item: N/A: Intersections: N/A 
Run: 5: Generation 42
Solution: N/A: Size: N/A: Plausibility: N/A: Novelty: N/A: Min Abs Distance: N/A: Avg Frequency: N/A: Closest Item: N/A: Intersections: N/A 
Run: 5: Generation 43
Solution: [61, 6, 68]: Size: 3: Type: : Plausibility: -0.0: Novelty: 0.75: Min Abs Distance: 0.5: Avg Frequency: 0.16544641041285338: Closest Item: [6, 61, 66]: Intersections: 2
Run: 5: Generation 44
Solution: N/A: Size: N/A: Plausibility: N/A: Novelty: N/A: Min Abs Distance: N/A: Avg Frequency: N/A: Closest Item: N/A: Intersections: N/A 
Run: 5: Generation 45
Solution: N/A: Size: N/A: Plausibility: N/A: Novelty: N/A: Min Abs Distance: N/A: Avg Frequency: N/A: Closest Item: N/A: Intersections: N/A 
Run: 5: Generation 46
Solution: [61, 8, 7, 6, 67]: Size: 5: Type: : Plausibility: -2.494574528840663: Novelty: 0.7142857142857143: Min Abs Distance: 0.5714285714285714: Avg Frequency: 0.16223306894447836: Closest Item: [1, 6, 26, 61, 67]: Intersections: 3
Solution: [61, 6, 7, 8, 67]: Size: 5: Type: : Plausibility: -2.494574528840663: Novelty: 0.7142857142857143: Min Abs Distance: 0.5714285714285714: Avg Frequency: 0.16223306894447836: Closest Item: [1, 6, 26, 61, 67]: Intersections: 3
Run: 5: Generation 47
Solution: [61, 6, 7, 8, 67]: Size: 5: Type: : Plausibility: -2.494574528840663: Novelty: 0.7142857142857143: Min Abs Distance: 0.5714285714285714: Avg Frequency: 0.16223306894447836: Closest Item: [1, 6, 26, 61, 67]: Intersections: 3
Run: 5: Generation 48
Solution: N/A: Size: N/A: Plausibility: N/A: Novelty: N/A: Min Abs Distance: N/A: Avg Frequency: N/A: Closest Item: N/A: Intersections: N/A 
Run: 5: Generation 49
Solution: N/A: Size: N/A: Plausibility: N/A: Novelty: N/A: Min Abs Distance: N/A: Avg Frequency: N/A: Closest Item: N/A: Intersections: N/A 
Run: 5: Generation 50
Solution: [6, 61, 7, 8, 67]: Size: 5: Type: : Plausibility: -2.494574528840663: Novelty: 0.7142857142857143: Min Abs Distance: 0.5714285714285714: Avg Frequency: 0.16223306894447836: Closest Item: [1, 6, 26, 61, 67]: Intersections: 3
Run: 5: Generation 51
Solution: [6, 8, 61, 7, 67]: Size: 5: Type: : Plausibility: -2.494574528840663: Novelty: 0.7142857142857143: Min Abs Distance: 0.5714285714285714: Avg Frequency: 0.16223306894447836: Closest Item: [1, 6, 26, 61, 67]: Intersections: 3
Run: 5: Generation 52
Solution: [61, 6, 5, 7, 67]: Size: 5: Type: : Plausibility: -1.663049685893775: Novelty: 0.7142857142857143: Min Abs Distance: 0.4285714285714286: Avg Frequency: 0.15173886516168394: Closest Item: [5, 6, 21, 29, 61, 67]: Intersections: 4
Run: 5: Generation 53
Solution: [61, 8, 6, 7, 67]: Size: 5: Type: : Plausibility: -2.494574528840663: Novelty: 0.7142857142857143: Min Abs Distance: 0.5714285714285714: Avg Frequency: 0.16223306894447834: Closest Item: [1, 6, 26, 61, 67]: Intersections: 3
Solution: [3, 61, 6, 7, 68]: Size: 5: Type: : Plausibility: -0.8315248429468876: Novelty: 0.7142857142857143: Min Abs Distance: 0.5714285714285714: Avg Frequency: 0.23270286760219644: Closest Item: [3, 7, 23, 61, 66]: Intersections: 3
Run: 5: Generation 54
Solution: N/A: Size: N/A: Plausibility: N/A: Novelty: N/A: Min Abs Distance: N/A: Avg Frequency: N/A: Closest Item: N/A: Intersections: N/A 
Run: 5: Generation 55
Solution: N/A: Size: N/A: Plausibility: N/A: Novelty: N/A: Min Abs Distance: N/A: Avg Frequency: N/A: Closest Item: N/A: Intersections: N/A 
Run: 5: Generation 56
Solution: N/A: Size: N/A: Plausibility: N/A: Novelty: N/A: Min Abs Distance: N/A: Avg Frequency: N/A: Closest Item: N/A: Intersections: N/A 
Run: 5: Generation 57
Solution: [61, 6, 7, 8, 67]: Size: 5: Type: : Plausibility: -2.494574528840663: Novelty: 0.7142857142857143: Min Abs Distance: 0.5714285714285714: Avg Frequency: 0.16223306894447836: Closest Item: [1, 6, 26, 61, 67]: Intersections: 3
Run: 5: Generation 58
Solution: N/A: Size: N/A: Plausibility: N/A: Novelty: N/A: Min Abs Distance: N/A: Avg Frequency: N/A: Closest Item: N/A: Intersections: N/A 
Run: 5: Generation 59
Solution: [61, 6, 8, 68]: Size: 4: Type: : Plausibility: -0.0: Novelty: 0.7777777777777778: Min Abs Distance: 0.6: Avg Frequency: 0.138117754728493: Closest Item: [6, 61, 66]: Intersections: 2
Run: 5: Generation 60
Solution: [6, 7, 8, 61, 67]: Size: 5: Type: : Plausibility: -2.494574528840663: Novelty: 0.7142857142857143: Min Abs Distance: 0.5714285714285714: Avg Frequency: 0.16223306894447836: Closest Item: [1, 6, 26, 61, 67]: Intersections: 3
Run: 5: Generation 61
Solution: N/A: Size: N/A: Plausibility: N/A: Novelty: N/A: Min Abs Distance: N/A: Avg Frequency: N/A: Closest Item: N/A: Intersections: N/A 
Run: 5: Generation 62
Solution: N/A: Size: N/A: Plausibility: N/A: Novelty: N/A: Min Abs Distance: N/A: Avg Frequency: N/A: Closest Item: N/A: Intersections: N/A 
Run: 5: Generation 63
Solution: [61, 6, 8, 7, 67]: Size: 5: Type: : Plausibility: -2.494574528840663: Novelty: 0.7142857142857143: Min Abs Distance: 0.5714285714285714: Avg Frequency: 0.16223306894447836: Closest Item: [1, 6, 26, 61, 67]: Intersections: 3
Run: 5: Generation 64
Solution: [61, 8, 7, 6, 67]: Size: 5: Type: : Plausibility: -2.494574528840663: Novelty: 0.7142857142857143: Min Abs Distance: 0.5714285714285714: Avg Frequency: 0.16223306894447836: Closest Item: [1, 6, 26, 61, 67]: Intersections: 3
Run: 5: Generation 65
Solution: [7, 61, 6, 8, 67]: Size: 5: Type: : Plausibility: -2.494574528840663: Novelty: 0.7142857142857143: Min Abs Distance: 0.5714285714285714: Avg Frequency: 0.16223306894447836: Closest Item: [1, 6, 26, 61, 67]: Intersections: 3
Run: 5: Generation 66
Solution: N/A: Size: N/A: Plausibility: N/A: Novelty: N/A: Min Abs Distance: N/A: Avg Frequency: N/A: Closest Item: N/A: Intersections: N/A 
Run: 5: Generation 67
Solution: [61, 6, 7, 68]: Size: 4: Type: : Plausibility: -0.6236436322101656: Novelty: 0.7142857142857143: Min Abs Distance: 0.6: Avg Frequency: 0.1725137278828554: Closest Item: [6, 61, 66]: Intersections: 2
Run: 5: Generation 68
Solution: N/A: Size: N/A: Plausibility: N/A: Novelty: N/A: Min Abs Distance: N/A: Avg Frequency: N/A: Closest Item: N/A: Intersections: N/A 
Run: 5: Generation 69
Solution: [7, 61, 6, 68]: Size: 4: Type: : Plausibility: -0.6236436322101656: Novelty: 0.7142857142857143: Min Abs Distance: 0.6: Avg Frequency: 0.1725137278828554: Closest Item: [6, 61, 66]: Intersections: 2
Run: 5: Generation 70
Solution: N/A: Size: N/A: Plausibility: N/A: Novelty: N/A: Min Abs Distance: N/A: Avg Frequency: N/A: Closest Item: N/A: Intersections: N/A 
Run: 5: Generation 71
Solution: N/A: Size: N/A: Plausibility: N/A: Novelty: N/A: Min Abs Distance: N/A: Avg Frequency: N/A: Closest Item: N/A: Intersections: N/A 
Run: 5: Generation 72
Solution: [61, 6, 7, 8, 67]: Size: 5: Type: : Plausibility: -2.494574528840663: Novelty: 0.7142857142857143: Min Abs Distance: 0.5714285714285714: Avg Frequency: 0.16223306894447836: Closest Item: [1, 6, 26, 61, 67]: Intersections: 3
Run: 5: Generation 73
Solution: N/A: Size: N/A: Plausibility: N/A: Novelty: N/A: Min Abs Distance: N/A: Avg Frequency: N/A: Closest Item: N/A: Intersections: N/A 
Run: 5: Generation 74
Solution: N/A: Size: N/A: Plausibility: N/A: Novelty: N/A: Min Abs Distance: N/A: Avg Frequency: N/A: Closest Item: N/A: Intersections: N/A 
Run: 5: Generation 75
Solution: N/A: Size: N/A: Plausibility: N/A: Novelty: N/A: Min Abs Distance: N/A: Avg Frequency: N/A: Closest Item: N/A: Intersections: N/A 
Run: 5: Generation 76
Solution: [61, 6, 8, 7, 67]: Size: 5: Type: : Plausibility: -2.494574528840663: Novelty: 0.7142857142857143: Min Abs Distance: 0.5714285714285714: Avg Frequency: 0.16223306894447836: Closest Item: [1, 6, 26, 61, 67]: Intersections: 3
Run: 5: Generation 77
Solution: [61, 6, 7, 8, 67]: Size: 5: Type: : Plausibility: -2.494574528840663: Novelty: 0.7142857142857143: Min Abs Distance: 0.5714285714285714: Avg Frequency: 0.16223306894447836: Closest Item: [1, 6, 26, 61, 67]: Intersections: 3
Run: 5: Generation 78
Solution: N/A: Size: N/A: Plausibility: N/A: Novelty: N/A: Min Abs Distance: N/A: Avg Frequency: N/A: Closest Item: N/A: Intersections: N/A 
Run: 5: Generation 79
Solution: N/A: Size: N/A: Plausibility: N/A: Novelty: N/A: Min Abs Distance: N/A: Avg Frequency: N/A: Closest Item: N/A: Intersections: N/A 
Run: 5: Generation 80
Solution: N/A: Size: N/A: Plausibility: N/A: Novelty: N/A: Min Abs Distance: N/A: Avg Frequency: N/A: Closest Item: N/A: Intersections: N/A 
Run: 5: Generation 81
Solution: N/A: Size: N/A: Plausibility: N/A: Novelty: N/A: Min Abs Distance: N/A: Avg Frequency: N/A: Closest Item: N/A: Intersections: N/A 
Run: 5: Generation 82
Solution: N/A: Size: N/A: Plausibility: N/A: Novelty: N/A: Min Abs Distance: N/A: Avg Frequency: N/A: Closest Item: N/A: Intersections: N/A 
Run: 5: Generation 83
Solution: [7, 61, 6, 8, 67]: Size: 5: Type: : Plausibility: -2.494574528840663: Novelty: 0.7142857142857143: Min Abs Distance: 0.5714285714285714: Avg Frequency: 0.16223306894447836: Closest Item: [1, 6, 26, 61, 67]: Intersections: 3
Run: 5: Generation 84
Solution: [7, 8, 61, 6, 67]: Size: 5: Type: : Plausibility: -2.494574528840663: Novelty: 0.7142857142857143: Min Abs Distance: 0.5714285714285714: Avg Frequency: 0.16223306894447836: Closest Item: [1, 6, 26, 61, 67]: Intersections: 3
Run: 5: Generation 85
Solution: N/A: Size: N/A: Plausibility: N/A: Novelty: N/A: Min Abs Distance: N/A: Avg Frequency: N/A: Closest Item: N/A: Intersections: N/A 
Run: 5: Generation 86
Solution: N/A: Size: N/A: Plausibility: N/A: Novelty: N/A: Min Abs Distance: N/A: Avg Frequency: N/A: Closest Item: N/A: Intersections: N/A 
Run: 5: Generation 87
Solution: N/A: Size: N/A: Plausibility: N/A: Novelty: N/A: Min Abs Distance: N/A: Avg Frequency: N/A: Closest Item: N/A: Intersections: N/A 
Run: 5: Generation 88
Solution: [61, 7, 6, 68]: Size: 4: Type: : Plausibility: -0.6236436322101656: Novelty: 0.7142857142857143: Min Abs Distance: 0.6: Avg Frequency: 0.1725137278828554: Closest Item: [6, 61, 66]: Intersections: 2
Solution: [61, 6, 7, 68]: Size: 4: Type: : Plausibility: -0.6236436322101656: Novelty: 0.7142857142857143: Min Abs Distance: 0.6: Avg Frequency: 0.1725137278828554: Closest Item: [6, 61, 66]: Intersections: 2
Solution: [61, 6, 8, 7, 67]: Size: 5: Type: : Plausibility: -2.494574528840663: Novelty: 0.7142857142857143: Min Abs Distance: 0.5714285714285714: Avg Frequency: 0.16223306894447836: Closest Item: [1, 6, 26, 61, 67]: Intersections: 3
Solution: [61, 6, 7, 68]: Size: 4: Type: : Plausibility: -0.6236436322101656: Novelty: 0.7142857142857143: Min Abs Distance: 0.6: Avg Frequency: 0.1725137278828554: Closest Item: [6, 61, 66]: Intersections: 2
Run: 5: Generation 89
Solution: N/A: Size: N/A: Plausibility: N/A: Novelty: N/A: Min Abs Distance: N/A: Avg Frequency: N/A: Closest Item: N/A: Intersections: N/A 
Run: 5: Generation 90
Solution: N/A: Size: N/A: Plausibility: N/A: Novelty: N/A: Min Abs Distance: N/A: Avg Frequency: N/A: Closest Item: N/A: Intersections: N/A 
Run: 5: Generation 91
Solution: [6, 8, 61, 7, 67]: Size: 5: Type: : Plausibility: -2.494574528840663: Novelty: 0.7142857142857143: Min Abs Distance: 0.5714285714285714: Avg Frequency: 0.16223306894447836: Closest Item: [1, 6, 26, 61, 67]: Intersections: 3
Run: 5: Generation 92
Solution: N/A: Size: N/A: Plausibility: N/A: Novelty: N/A: Min Abs Distance: N/A: Avg Frequency: N/A: Closest Item: N/A: Intersections: N/A 
Run: 5: Generation 93
Solution: [61, 6, 8, 7, 67]: Size: 5: Type: : Plausibility: -2.494574528840663: Novelty: 0.7142857142857143: Min Abs Distance: 0.5714285714285714: Avg Frequency: 0.16223306894447836: Closest Item: [1, 6, 26, 61, 67]: Intersections: 3
Run: 5: Generation 94
Solution: [61, 7, 6, 8, 68]: Size: 5: Type: : Plausibility: -0.8315248429468876: Novelty: 0.75: Min Abs Distance: 0.6666666666666667: Avg Frequency: 0.1492373398413667: Closest Item: [6, 61, 66]: Intersections: 2
Solution: [6, 61, 7, 8, 67]: Size: 5: Type: : Plausibility: -2.494574528840663: Novelty: 0.7142857142857143: Min Abs Distance: 0.5714285714285714: Avg Frequency: 0.16223306894447836: Closest Item: [1, 6, 26, 61, 67]: Intersections: 3
Run: 5: Generation 95
Solution: N/A: Size: N/A: Plausibility: N/A: Novelty: N/A: Min Abs Distance: N/A: Avg Frequency: N/A: Closest Item: N/A: Intersections: N/A 
Run: 5: Generation 96
Solution: [61, 6, 7, 8, 67]: Size: 5: Type: : Plausibility: -2.494574528840663: Novelty: 0.7142857142857143: Min Abs Distance: 0.5714285714285714: Avg Frequency: 0.16223306894447836: Closest Item: [1, 6, 26, 61, 67]: Intersections: 3
Solution: [6, 7, 61, 28, 8, 68]: Size: 6: Type: : Plausibility: -0.962087912087912: Novelty: 0.7: Min Abs Distance: 0.5714285714285714: Avg Frequency: 0.15126093146227373: Closest Item: [1, 7, 28, 68]: Intersections: 3
Solution: [6, 8, 7, 61, 67]: Size: 5: Type: : Plausibility: -2.494574528840663: Novelty: 0.7142857142857143: Min Abs Distance: 0.5714285714285714: Avg Frequency: 0.16223306894447836: Closest Item: [1, 6, 26, 61, 67]: Intersections: 3
Run: 5: Generation 97
Solution: N/A: Size: N/A: Plausibility: N/A: Novelty: N/A: Min Abs Distance: N/A: Avg Frequency: N/A: Closest Item: N/A: Intersections: N/A 
Run: 5: Generation 98
Solution: N/A: Size: N/A: Plausibility: N/A: Novelty: N/A: Min Abs Distance: N/A: Avg Frequency: N/A: Closest Item: N/A: Intersections: N/A 
Run: 5: Generation 99
Solution: N/A: Size: N/A: Plausibility: N/A: Novelty: N/A: Min Abs Distance: N/A: Avg Frequency: N/A: Closest Item: N/A: Intersections: N/A 
Run: 5: Generation 100
Solution: N/A: Size: N/A: Plausibility: N/A: Novelty: N/A: Min Abs Distance: N/A: Avg Frequency: N/A: Closest Item: N/A: Intersections: N/A 
